0.025690317153930664,0,0,0,0,0,0,0,0,0,0,0,0,0,0,0,0
0.025690317153930664,0,0,0,0,0,0,0,0,0,0,0,0,0,0,0,0
1.0284364223480225,0,0,0,0,0,0,0,0,0,0,0,0,0,0,0,0
1.0284364223480225,0,0,0,0,0,0,0,0,0,0,0,0,0,0,0,0
2.029512882232666,0,0,0,0,0,0,0,0,0,0,0,0,0,0,0,0
2.029512882232666,0,0,0,0,0,0,0,0,0,0,0,0,0,0,0,0
3.0320160388946533,0,0,0,0,0,0,0,0,0,0,0,0,0,0,0,0
3.0320160388946533,0,0,0,0,0,0,0,0,0,0,0,0,0,0,0,0
4.032515525817871,0,0,0,0,0,0,0,0,0,0,0,0,0,0,0,0
4.032515525817871,0,0,0,0,0,0,0,0,0,0,0,0,0,0,0,0
5.033996820449829,0,0,0,0,0,0,0,0,0,0,0,0,0,0,0,0
5.033996820449829,0,0,0,0,0,0,0,0,0,0,0,0,0,0,0,0
6.034484624862671,0,0,0,0,0,0,0,0,0,0,0,0,0,0,0,0
6.034484624862671,0,0,0,0,0,0,0,0,0,0,0,0,0,0,0,0
7.035707950592041,0,0,0,0,0,0,0,0,0,0,0,0,0,0,0,0
7.035707950592041,0,0,0,0,0,0,0,0,0,0,0,0,0,0,0,0
8.03653621673584,0,0,0,0,0,0,0,0,0,0,0,0,0,0,0,0
8.03653621673584,0,0,0,0,0,0,0,0,0,0,0,0,0,0,0,0
9.037240028381348,0,0,0,0,0,0,0,0,0,0,0,0,0,0,0,0
9.037240028381348,0,0,0,0,0,0,0,0,0,0,0,0,0,0,0,0
10.039552211761475,0,0,0,0,0,0,0,0,0,0,0,0,0,0,0,0
10.039552211761475,0,0,0,0,0,0,0,0,0,0,0,0,0,0,0,0
11.041844129562378,0,0,0,0,0,0,0,0,0,0,0,0,0,0,0,0
11.041844129562378,0,0,0,0,0,0,0,0,0,0,0,0,0,0,0,0
12.043277978897095,0,0,0,0,0,0,0,0,0,0,0,0,0,0,0,0
12.043277978897095,0,0,0,0,0,0,0,0,0,0,0,0,0,0,0,0
13.043863534927368,0,0,0,0,0,0,0,0,0,0,0,0,0,0,0,0
13.043863534927368,0,0,0,0,0,0,0,0,0,0,0,0,0,0,0,0
14.044970989227295,0,0,0,0,0,0,0,0,0,0,0,0,0,0,0,0
14.044970989227295,0,0,0,0,0,0,0,0,0,0,0,0,0,0,0,0
15.046497344970703,0,0,0,0,0,0,0,0,0,0,0,0,0,0,0,0
15.046497344970703,0,0,0,0,0,0,0,0,0,0,0,0,0,0,0,0
16.046945571899414,0,0,0,0,0,0,0,0,0,0,0,0,0,0,0,0
16.046945571899414,0,0,0,0,0,0,0,0,0,0,0,0,0,0,0,0
17.04809069633484,0,0,0,0,0,0,0,0,0,0,0,0,0,0,0,0
17.04809069633484,0,0,0,0,0,0,0,0,0,0,0,0,0,0,0,0
18.048577308654785,0,0,0,0,0,0,0,0,0,0,0,0,0,0,0,0
18.048577308654785,0,0,0,0,0,0,0,0,0,0,0,0,0,0,0,0
19.050549745559692,0,0,0,0,0,0,0,0,0,0,0,0,0,0,0,0
19.050549745559692,0,0,0,0,0,0,0,0,0,0,0,0,0,0,0,0
20.05098819732666,0,0,0,0,0,0,0,0,0,0,0,0,0,0,0,0
20.05098819732666,0,0,0,0,0,0,0,0,0,0,0,0,0,0,0,0
21.051474571228027,0,0,0,0,0,0,0,0,0,0,0,0,0,0,0,0
21.051474571228027,0,0,0,0,0,0,0,0,0,0,0,0,0,0,0,0
22.051859617233276,0,0,0,0,0,0,0,0,0,0,0,0,0,0,0,0
22.051859617233276,0,0,0,0,0,0,0,0,0,0,0,0,0,0,0,0
23.052860736846924,0,0,0,0,0,0,0,0,0,0,0,0,0,0,0,0
23.052860736846924,0,0,0,0,0,0,0,0,0,0,0,0,0,0,0,0
24.05475378036499,0,0,0,0,0,0,0,0,0,0,0,0,0,0,0,0
24.05475378036499,0,0,0,0,0,0,0,0,0,0,0,0,0,0,0,0
25.055649757385254,0,0,0,0,0,0,0,0,0,0,0,0,0,0,0,0
25.055649757385254,0,0,0,0,0,0,0,0,0,0,0,0,0,0,0,0
26.05763292312622,0,0,0,0,0,0,0,0,0,0,0,0,0,0,0,0
26.05763292312622,0,0,0,0,0,0,0,0,0,0,0,0,0,0,0,0
27.058071851730347,0,0,0,0,0,0,0,0,0,0,0,0,0,0,0,0
27.058071851730347,0,0,0,0,0,0,0,0,0,0,0,0,0,0,0,0
28.059628009796143,0,0,0,0,0,0,0,0,0,0,0,0,0,0,0,0
28.059628009796143,0,0,0,0,0,0,0,0,0,0,0,0,0,0,0,0
29.060802221298218,0,0,0,0,0,0,0,0,0,0,0,0,0,0,0,0
29.060802221298218,0,0,0,0,0,0,0,0,0,0,0,0,0,0,0,0
30.063244819641113,0,0,0,0,0,0,0,0,0,0,0,0,0,0,0,0
30.063244819641113,0,0,0,0,0,0,0,0,0,0,0,0,0,0,0,0
31.06360626220703,0,0,0,0,0,0,0,0,0,0,0,0,0,0,0,0
31.06360626220703,0,0,0,0,0,0,0,0,0,0,0,0,0,0,0,0
32.06655836105347,0,0,0,0,0,0,0,0,0,0,0,0,0,0,0,0
32.06655836105347,0,0,0,0,0,0,0,0,0,0,0,0,0,0,0,0
33.06731343269348,0,0,0,0,0,0,0,0,0,0,0,0,0,0,0,0
33.06731343269348,0,0,0,0,0,0,0,0,0,0,0,0,0,0,0,0
34.068755865097046,0,0,0,0,0,0,0,0,0,0,0,0,0,0,0,0
34.068755865097046,0,0,0,0,0,0,0,0,0,0,0,0,0,0,0,0
35.06913661956787,0,0,0,0,0,0,0,0,0,0,0,0,0,0,0,0
35.06913661956787,0,0,0,0,0,0,0,0,0,0,0,0,0,0,0,0
36.069756507873535,0,0,0,0,0,0,0,0,0,0,0,0,0,0,0,0
36.069756507873535,0,0,0,0,0,0,0,0,0,0,0,0,0,0,0,0
37.07110929489136,0,0,0,0,0,0,0,0,0,0,0,0,0,0,0,0
37.07110929489136,0,0,0,0,0,0,0,0,0,0,0,0,0,0,0,0
38.072243213653564,0,0,0,0,0,0,0,0,0,0,0,0,0,0,0,0
38.072243213653564,0,0,0,0,0,0,0,0,0,0,0,0,0,0,0,0
39.07319521903992,0,0,0,0,0,0,0,0,0,0,0,0,0,0,0,0
39.07319521903992,0,0,0,0,0,0,0,0,0,0,0,0,0,0,0,0
40.073689699172974,0,0,0,0,0,0,0,0,0,0,0,0,0,0,0,0
40.073689699172974,0,0,0,0,0,0,0,0,0,0,0,0,0,0,0,0
41.0741081237793,0,0,0,0,0,0,0,0,0,0,0,0,0,0,0,0
41.0741081237793,0,0,0,0,0,0,0,0,0,0,0,0,0,0,0,0
42.07451391220093,0,0,0,0,0,0,0,0,0,0,0,0,0,0,0,0
42.07451391220093,0,0,0,0,0,0,0,0,0,0,0,0,0,0,0,0
43.07489013671875,0,0,0,0,0,0,0,0,0,0,0,0,0,0,0,0
43.07489013671875,0,0,0,0,0,0,0,0,0,0,0,0,0,0,0,0
44.07673263549805,0,0,0,0,0,0,0,0,0,0,0,0,0,0,0,0
44.07673263549805,0,0,0,0,0,0,0,0,0,0,0,0,0,0,0,0
45.077847480773926,0,0,0,0,0,0,0,0,0,0,0,0,0,0,0,0
45.077847480773926,0,0,0,0,0,0,0,0,0,0,0,0,0,0,0,0
46.07949709892273,0,0,0,0,0,0,0,0,0,0,0,0,0,0,0,0
46.07949709892273,0,0,0,0,0,0,0,0,0,0,0,0,0,0,0,0
0.048856496810913086,0,0,0,0,0,0,0,0,0,0,0,0,0,0,0,0
0.048856496810913086,0,0,0,0,0,0,0,0,0,0,0,0,0,0,0,0
1.050844669342041,0,0,0,0,0,0,0,0,0,0,0,0,0,0,0,0
1.050844669342041,0,0,0,0,0,0,0,0,0,0,0,0,0,0,0,0
2.0529677867889404,0,0,0,0,0,0,0,0,0,0,0,0,0,0,0,0
2.0529677867889404,0,0,0,0,0,0,0,0,0,0,0,0,0,0,0,0
3.0540499687194824,0,0,0,0,0,0,0,0,0,0,0,0,0,0,0,0
3.0540499687194824,0,0,0,0,0,0,0,0,0,0,0,0,0,0,0,0
4.05558180809021,0,0,0,0,0,0,0,0,0,0,0,0,0,0,0,0
4.05558180809021,0,0,0,0,0,0,0,0,0,0,0,0,0,0,0,0
5.05663275718689,0,0,0,0,0,0,0,0,0,0,0,0,0,0,0,0
5.05663275718689,0,0,0,0,0,0,0,0,0,0,0,0,0,0,0,0
6.058304309844971,0,0,0,0,0,0,0,0,0,0,0,0,0,0,0,0
6.058304309844971,0,0,0,0,0,0,0,0,0,0,0,0,0,0,0,0
7.059980869293213,0,0,0,0,0,0,0,0,0,0,0,0,0,0,0,0
7.059980869293213,0,0,0,0,0,0,0,0,0,0,0,0,0,0,0,0
8.06139063835144,0,0,0,0,0,0,0,0,0,0,0,0,0,0,0,0
8.06139063835144,0,0,0,0,0,0,0,0,0,0,0,0,0,0,0,0
9.063644647598267,0,0,0,0,0,0,0,0,0,0,0,0,0,0,0,0
9.063644647598267,0,0,0,0,0,0,0,0,0,0,0,0,0,0,0,0
10.06549334526062,0,0,0,0,0,0,0,0,0,0,0,0,0,0,0,0
10.06549334526062,0,0,0,0,0,0,0,0,0,0,0,0,0,0,0,0
11.06863021850586,0,0,0,0,0,0,0,0,0,0,0,0,0,0,0,0
11.06863021850586,0,0,0,0,0,0,0,0,0,0,0,0,0,0,0,0
12.06975507736206,0,0,0,0,0,0,0,0,0,0,0,0,0,0,0,0
12.06975507736206,0,0,0,0,0,0,0,0,0,0,0,0,0,0,0,0
13.0710608959198,0,0,0,0,0,0,0,0,0,0,0,0,0,0,0,0
13.0710608959198,0,0,0,0,0,0,0,0,0,0,0,0,0,0,0,0
14.072769165039062,0,0,0,0,0,0,0,0,0,0,0,0,0,0,0,0
14.072769165039062,0,0,0,0,0,0,0,0,0,0,0,0,0,0,0,0
15.074579238891602,0,0,0,0,0,0,0,0,0,0,0,0,0,0,0,0
15.074579238891602,0,0,0,0,0,0,0,0,0,0,0,0,0,0,0,0
16.07685613632202,0,0,0,0,0,0,0,0,0,0,0,0,0,0,0,0
16.07685613632202,0,0,0,0,0,0,0,0,0,0,0,0,0,0,0,0
17.078739643096924,0,0,0,0,0,0,0,0,0,0,0,0,0,0,0,0
17.078739643096924,0,0,0,0,0,0,0,0,0,0,0,0,0,0,0,0
18.080092430114746,0,0,0,0,0,0,0,0,0,0,0,0,0,0,0,0
18.080092430114746,0,0,0,0,0,0,0,0,0,0,0,0,0,0,0,0
19.084691286087036,0,0,0,0,0,0,0,0,0,0,0,0,0,0,0,0
19.084691286087036,0,0,0,0,0,0,0,0,0,0,0,0,0,0,0,0
20.08624529838562,0,0,0,0,0,0,0,0,0,0,0,0,0,0,0,0
20.08624529838562,0,0,0,0,0,0,0,0,0,0,0,0,0,0,0,0
21.08746862411499,0,0,0,0,0,0,0,0,0,0,0,0,0,0,0,0
21.08746862411499,0,0,0,0,0,0,0,0,0,0,0,0,0,0,0,0
22.088972091674805,0,0,0,0,0,0,0,0,0,0,0,0,0,0,0,0
22.088972091674805,0,0,0,0,0,0,0,0,0,0,0,0,0,0,0,0
23.089935302734375,0,0,0,0,0,0,0,0,0,0,0,0,0,0,0,0
23.089935302734375,0,0,0,0,0,0,0,0,0,0,0,0,0,0,0,0
24.09516429901123,0,0,0,0,0,0,0,0,0,0,0,0,0,0,0,0
24.09516429901123,0,0,0,0,0,0,0,0,0,0,0,0,0,0,0,0
25.097307682037354,0,0,0,0,0,0,0,0,0,0,0,0,0,0,0,0
25.097307682037354,0,0,0,0,0,0,0,0,0,0,0,0,0,0,0,0
26.0993549823761,0,0,0,0,0,0,0,0,0,0,0,0,0,0,0,0
26.0993549823761,0,0,0,0,0,0,0,0,0,0,0,0,0,0,0,0
27.1016788482666,0,0,0,0,0,0,0,0,0,0,0,0,0,0,0,0
27.1016788482666,0,0,0,0,0,0,0,0,0,0,0,0,0,0,0,0
28.10280704498291,0,0,0,0,0,0,0,0,0,0,0,0,0,0,0,0
28.10280704498291,0,0,0,0,0,0,0,0,0,0,0,0,0,0,0,0
29.103824138641357,0,0,0,0,0,0,0,0,0,0,0,0,0,0,0,0
29.103824138641357,0,0,0,0,0,0,0,0,0,0,0,0,0,0,0,0
30.104998111724854,0,0,0,0,0,0,0,0,0,0,0,0,0,0,0,0
30.104998111724854,0,0,0,0,0,0,0,0,0,0,0,0,0,0,0,0
31.106147527694702,0,0,0,0,0,0,0,0,0,0,0,0,0,0,0,0
31.106147527694702,0,0,0,0,0,0,0,0,0,0,0,0,0,0,0,0
32.10861825942993,0,0,0,0,0,0,0,0,0,0,0,0,0,0,0,0
32.10861825942993,0,0,0,0,0,0,0,0,0,0,0,0,0,0,0,0
33.110992670059204,0,0,0,0,0,0,0,0,0,0,0,0,0,0,0,0
33.110992670059204,0,0,0,0,0,0,0,0,0,0,0,0,0,0,0,0
34.11345410346985,0,0,0,0,0,0,0,0,0,0,0,0,0,0,0,0
34.11345410346985,0,0,0,0,0,0,0,0,0,0,0,0,0,0,0,0
35.11589455604553,0,0,0,0,0,0,0,0,0,0,0,0,0,0,0,0
35.11589455604553,0,0,0,0,0,0,0,0,0,0,0,0,0,0,0,0
36.11877512931824,0,0,0,0,0,0,0,0,0,0,0,0,0,0,0,0
36.11877512931824,0,0,0,0,0,0,0,0,0,0,0,0,0,0,0,0
37.12189245223999,0,0,0,0,0,0,0,0,0,0,0,0,0,0,0,0
37.12189245223999,0,0,0,0,0,0,0,0,0,0,0,0,0,0,0,0
38.123351097106934,0,0,0,0,0,0,0,0,0,0,0,0,0,0,0,0
38.123351097106934,0,0,0,0,0,0,0,0,0,0,0,0,0,0,0,0
39.12486290931702,0,0,0,0,0,0,0,0,0,0,0,0,0,0,0,0
39.12486290931702,0,0,0,0,0,0,0,0,0,0,0,0,0,0,0,0
40.12780141830444,0,0,0,0,0,0,0,0,0,0,0,0,0,0,0,0
40.12780141830444,0,0,0,0,0,0,0,0,0,0,0,0,0,0,0,0
41.13026189804077,0,0,0,0,0,0,0,0,0,0,0,0,0,0,0,0
41.13026189804077,0,0,0,0,0,0,0,0,0,0,0,0,0,0,0,0
42.13376426696777,0,0,0,0,0,0,0,0,0,0,0,0,0,0,0,0
42.13376426696777,0,0,0,0,0,0,0,0,0,0,0,0,0,0,0,0
43.13586235046387,0,0,0,0,0,0,0,0,0,0,0,0,0,0,0,0
43.13586235046387,0,0,0,0,0,0,0,0,0,0,0,0,0,0,0,0
44.13679838180542,0,0,0,0,0,0,0,0,0,0,0,0,0,0,0,0
44.13679838180542,0,0,0,0,0,0,0,0,0,0,0,0,0,0,0,0
0.052338361740112305,0,0,0,0,0,0,0,0,0,0,0,0,0,0,0,0
0.052338361740112305,0,0,0,0,0,0,0,0,0,0,0,0,0,0,0,0
1.0556435585021973,0,0,0,0,0,0,0,0,0,0,0,0,0,0,0,0
1.0556435585021973,0,0,0,0,0,0,0,0,0,0,0,0,0,0,0,0
2.058405637741089,0,0,0,0,0,0,0,0,0,0,0,0,0,0,0,0
2.058405637741089,0,0,0,0,0,0,0,0,0,0,0,0,0,0,0,0
3.0608253479003906,0,0,0,0,0,0,0,0,0,0,0,0,0,0,0,0
3.0608253479003906,0,0,0,0,0,0,0,0,0,0,0,0,0,0,0,0
4.0618226528167725,0,0,0,0,0,0,0,0,0,0,0,0,0,0,0,0
4.0618226528167725,0,0,0,0,0,0,0,0,0,0,0,0,0,0,0,0
5.063078880310059,0,0,0,0,0,0,0,0,0,0,0,0,0,0,0,0
5.063078880310059,0,0,0,0,0,0,0,0,0,0,0,0,0,0,0,0
6.064473867416382,0,0,0,0,0,0,0,0,0,0,0,0,0,0,0,0
6.064473867416382,0,0,0,0,0,0,0,0,0,0,0,0,0,0,0,0
7.066344499588013,0,0,0,0,0,0,0,0,0,0,0,0,0,0,0,0
7.066344499588013,0,0,0,0,0,0,0,0,0,0,0,0,0,0,0,0
8.06898283958435,0,0,0,0,0,0,0,0,0,0,0,0,0,0,0,0
8.06898283958435,0,0,0,0,0,0,0,0,0,0,0,0,0,0,0,0
9.072532176971436,0,0,0,0,0,0,0,0,0,0,0,0,0,0,0,0
9.072532176971436,0,0,0,0,0,0,0,0,0,0,0,0,0,0,0,0
10.075231075286865,0,0,0,0,0,0,0,0,0,0,0,0,0,0,0,0
10.075231075286865,0,0,0,0,0,0,0,0,0,0,0,0,0,0,0,0
11.080969333648682,0,0,0,0,0,0,0,0,0,0,0,0,0,0,0,0
11.080969333648682,0,0,0,0,0,0,0,0,0,0,0,0,0,0,0,0
12.085000038146973,0,0,0,0,0,0,0,0,0,0,0,0,0,0,0,0
12.085000038146973,0,0,0,0,0,0,0,0,0,0,0,0,0,0,0,0
13.089035987854004,0,0,0,0,0,0,0,0,0,0,0,0,0,0,0,0
13.089035987854004,0,0,0,0,0,0,0,0,0,0,0,0,0,0,0,0
14.092794418334961,0,0,0,0,0,0,0,0,0,0,0,0,0,0,0,0
14.092794418334961,0,0,0,0,0,0,0,0,0,0,0,0,0,0,0,0
15.09514307975769,0,0,0,0,0,0,0,0,0,0,0,0,0,0,0,0
15.09514307975769,0,0,0,0,0,0,0,0,0,0,0,0,0,0,0,0
16.097418785095215,0,0,0,0,0,0,0,0,0,0,0,0,0,0,0,0
16.097418785095215,0,0,0,0,0,0,0,0,0,0,0,0,0,0,0,0
17.101492404937744,0,0,0,0,0,0,0,0,0,0,0,0,0,0,0,0
17.101492404937744,0,0,0,0,0,0,0,0,0,0,0,0,0,0,0,0
18.104119777679443,0,0,0,0,0,0,0,0,0,0,0,0,0,0,0,0
18.104119777679443,0,0,0,0,0,0,0,0,0,0,0,0,0,0,0,0
19.105331420898438,0,0,0,0,0,0,0,0,0,0,0,0,0,0,0,0
19.105331420898438,0,0,0,0,0,0,0,0,0,0,0,0,0,0,0,0
20.10628080368042,0,0,0,0,0,0,0,0,0,0,0,0,0,0,0,0
20.10628080368042,0,0,0,0,0,0,0,0,0,0,0,0,0,0,0,0
21.108203887939453,0,0,0,0,0,0,0,0,0,0,0,0,0,0,0,0
21.108203887939453,0,0,0,0,0,0,0,0,0,0,0,0,0,0,0,0
22.109262228012085,0,0,0,0,0,0,0,0,0,0,0,0,0,0,0,0
22.109262228012085,0,0,0,0,0,0,0,0,0,0,0,0,0,0,0,0
23.111988067626953,0,0,0,0,0,0,0,0,0,0,0,0,0,0,0,0
23.111988067626953,0,0,0,0,0,0,0,0,0,0,0,0,0,0,0,0
24.112935066223145,0,0,0,0,0,0,0,0,0,0,0,0,0,0,0,0
24.112935066223145,0,0,0,0,0,0,0,0,0,0,0,0,0,0,0,0
25.116567850112915,0,0,0,0,0,0,0,0,0,0,0,0,0,0,0,0
25.116567850112915,0,0,0,0,0,0,0,0,0,0,0,0,0,0,0,0
26.120868682861328,0,0,0,0,0,0,0,0,0,0,0,0,0,0,0,0
26.120868682861328,0,0,0,0,0,0,0,0,0,0,0,0,0,0,0,0
27.121683597564697,0,0,0,0,0,0,0,0,0,0,0,0,0,0,0,0
27.121683597564697,0,0,0,0,0,0,0,0,0,0,0,0,0,0,0,0
28.122743368148804,0,0,0,0,0,0,0,0,0,0,0,0,0,0,0,0
28.122743368148804,0,0,0,0,0,0,0,0,0,0,0,0,0,0,0,0
0.0062444210052490234,0,0,0,0,0,0,0,0,0,0,0,0,0,0,0,0
0.0062444210052490234,0,0,0,0,0,0,0,0,0,0,0,0,0,0,0,0
1.0081768035888672,0,0,0,0,0,0,0,0,0,0,0,0,0,0,0,0
1.0081768035888672,0,0,0,0,0,0,0,0,0,0,0,0,0,0,0,0
2.0096395015716553,0,0,0,0,0,0,0,0,0,0,0,0,0,0,0,0
2.0096395015716553,0,0,0,0,0,0,0,0,0,0,0,0,0,0,0,0
3.0114002227783203,0,0,0,0,0,0,0,0,0,0,0,0,0,0,0,0
3.0114002227783203,0,0,0,0,0,0,0,0,0,0,0,0,0,0,0,0
4.013487815856934,0,0,0,0,0,0,0,0,0,0,0,0,0,0,0,0
4.013487815856934,0,0,0,0,0,0,0,0,0,0,0,0,0,0,0,0
5.014373064041138,0,0,0,0,0,0,0,0,0,0,0,0,0,0,0,0
5.014373064041138,0,0,0,0,0,0,0,0,0,0,0,0,0,0,0,0
6.016210317611694,0,0,0,0,0,0,0,0,0,0,0,0,0,0,0,0
6.016210317611694,0,0,0,0,0,0,0,0,0,0,0,0,0,0,0,0
7.018282890319824,0,0,0,0,0,0,0,0,0,0,0,0,0,0,0,0
7.018282890319824,0,0,0,0,0,0,0,0,0,0,0,0,0,0,0,0
8.019638299942017,0,0,0,0,0,0,0,0,0,0,0,0,0,0,0,0
8.019638299942017,0,0,0,0,0,0,0,0,0,0,0,0,0,0,0,0
9.021790266036987,0,0,0,0,0,0,0,0,0,0,0,0,0,0,0,0
9.021790266036987,0,0,0,0,0,0,0,0,0,0,0,0,0,0,0,0
10.023154497146606,0,0,0,0,0,0,0,0,0,0,0,0,0,0,0,0
10.023154497146606,0,0,0,0,0,0,0,0,0,0,0,0,0,0,0,0
11.024806261062622,0,0,0,0,0,0,0,0,0,0,0,0,0,0,0,0
11.024806261062622,0,0,0,0,0,0,0,0,0,0,0,0,0,0,0,0
12.027493953704834,0,0,0,0,0,0,0,0,0,0,0,0,0,0,0,0
12.027493953704834,0,0,0,0,0,0,0,0,0,0,0,0,0,0,0,0
13.03001093864441,0,0,0,0,0,0,0,0,0,0,0,0,0,0,0,0
13.03001093864441,0,0,0,0,0,0,0,0,0,0,0,0,0,0,0,0
14.033478736877441,0,0,0,0,0,0,0,0,0,0,0,0,0,0,0,0
14.033478736877441,0,0,0,0,0,0,0,0,0,0,0,0,0,0,0,0
15.034323453903198,0,0,0,0,0,0,0,0,0,0,0,0,0,0,0,0
15.034323453903198,0,0,0,0,0,0,0,0,0,0,0,0,0,0,0,0
16.035510301589966,0,0,0,0,0,0,0,0,0,0,0,0,0,0,0,0
16.035510301589966,0,0,0,0,0,0,0,0,0,0,0,0,0,0,0,0
17.037739753723145,0,0,0,0,0,0,0,0,0,0,0,0,0,0,0,0
17.037739753723145,0,0,0,0,0,0,0,0,0,0,0,0,0,0,0,0
18.039256811141968,0,0,0,0,0,0,0,0,0,0,0,0,0,0,0,0
18.039256811141968,0,0,0,0,0,0,0,0,0,0,0,0,0,0,0,0
19.041017532348633,0,0,0,0,0,0,0,0,0,0,0,0,0,0,0,0
19.041017532348633,0,0,0,0,0,0,0,0,0,0,0,0,0,0,0,0
20.043302059173584,0,0,0,0,0,0,0,0,0,0,0,0,0,0,0,0
20.043302059173584,0,0,0,0,0,0,0,0,0,0,0,0,0,0,0,0
21.044853448867798,0,0,0,0,0,0,0,0,0,0,0,0,0,0,0,0
21.044853448867798,0,0,0,0,0,0,0,0,0,0,0,0,0,0,0,0
22.04599094390869,0,0,0,0,0,0,0,0,0,0,0,0,0,0,0,0
22.04599094390869,0,0,0,0,0,0,0,0,0,0,0,0,0,0,0,0
0.05994701385498047,0,0,0,0,0,0,0,0,0,0,0,0,0,0,0,0,0,0,0
0.05994701385498047,0,0,0,0,0,0,0,0,0,0,0,0,0,0,0,0,,,
1.0625150203704834,0,0,0,0,0,0,0,0,0,0,0,0,0,0,0,0,0,0,0
1.0625150203704834,0,0,0,0,0,0,0,0,0,0,0,0,0,0,0,0,,,
2.0658798217773438,0,0,0,0,0,0,0,0,0,0,0,0,0,0,0,0,0,0,0
2.0658798217773438,0,0,0,0,0,0,0,0,0,0,0,0,0,0,0,0,,,
3.0675532817840576,0,0,0,0,0,0,0,0,0,0,0,0,0,0,0,0,0,0,0
3.0675532817840576,0,0,0,0,0,0,0,0,0,0,0,0,0,0,0,0,,,
4.0689051151275635,0,0,0,0,0,0,0,0,0,0,0,0,0,0,0,0,0,0,0
4.0689051151275635,0,0,0,0,0,0,0,0,0,0,0,0,0,0,0,0,,,
5.070823907852173,0,0,0,0,0,0,0,0,0,0,0,0,0,0,0,0,0,0,0
5.070823907852173,0,0,0,0,0,0,0,0,0,0,0,0,0,0,0,0,,,
6.072762966156006,0,0,0,0,0,0,0,0,0,0,0,0,0,0,0,0,0,0,0
6.072762966156006,0,0,0,0,0,0,0,0,0,0,0,0,0,0,0,0,,,
7.075216054916382,0,0,0,0,0,0,0,0,0,0,0,0,0,0,0,0,0,0,0
7.075216054916382,0,0,0,0,0,0,0,0,0,0,0,0,0,0,0,0,,,
8.0762197971344,0,0,0,0,0,0,0,0,0,0,0,0,0,0,0,0,0,0,0
8.0762197971344,0,0,0,0,0,0,0,0,0,0,0,0,0,0,0,0,,,
9.077567338943481,0,0,0,0,0,0,0,0,0,0,0,0,0,0,0,0,0,0,0
9.077567338943481,0,0,0,0,0,0,0,0,0,0,0,0,0,0,0,0,,,
10.080671072006226,0,0,0,0,0,0,0,0,0,0,0,0,0,0,0,0,0,0,0
10.080671072006226,0,0,0,0,0,0,0,0,0,0,0,0,0,0,0,0,,,
11.082150936126709,0,0,0,0,0,0,0,0,0,0,0,0,0,0,0,0,0,0,0
11.082150936126709,0,0,0,0,0,0,0,0,0,0,0,0,0,0,0,0,,,
12.083881616592407,0,0,0,0,0,0,0,0,0,0,0,0,0,0,0,0,0,0,0
12.083881616592407,0,0,0,0,0,0,0,0,0,0,0,0,0,0,0,0,,,
13.085365056991577,0,0,0,0,0,0,0,0,0,0,0,0,0,0,0,0,0,0,0
13.085365056991577,0,0,0,0,0,0,0,0,0,0,0,0,0,0,0,0,,,
14.086299896240234,0,0,0,0,0,0,0,0,0,0,0,0,0,0,0,0,0,0,0
14.086299896240234,0,0,0,0,0,0,0,0,0,0,0,0,0,0,0,0,,,
15.088345766067505,0,0,0,0,0,0,0,0,0,0,0,0,0,0,0,0,0,0,0
15.088345766067505,0,0,0,0,0,0,0,0,0,0,0,0,0,0,0,0,,,
16.091288328170776,0,0,0,0,0,0,0,0,0,0,0,0,0,0,0,0,0,0,0
16.091288328170776,0,0,0,0,0,0,0,0,0,0,0,0,0,0,0,0,,,
17.093347549438477,0,0,0,0,0,0,0,0,0,0,0,0,0,0,0,0,0,0,0
17.093347549438477,0,0,0,0,0,0,0,0,0,0,0,0,0,0,0,0,,,
0.09250664710998535,0,0,0,0,0,0,0,0,0,0,0,0,0,0,0,0,0,0,0
0.09250664710998535,0,0,0,0,0,0,0,0,0,0,0,0,0,0,0,0,,,
1.0947699546813965,0,0,0,0,0,0,0,0,0,0,0,0,0,0,0,0,0,0,0
1.0947699546813965,0,0,0,0,0,0,0,0,0,0,0,0,0,0,0,0,,,
2.0962977409362793,0,0,0,0,0,0,0,0,0,0,0,0,0,0,0,0,0,0,0
2.0962977409362793,0,0,0,0,0,0,0,0,0,0,0,0,0,0,0,0,,,
3.101506233215332,0,0,0,0,0,0,0,0,0,0,0,0,0,0,0,0,0,0,0
3.101506233215332,0,0,0,0,0,0,0,0,0,0,0,0,0,0,0,0,,,
4.102861642837524,0,0,0,0,0,0,0,0,0,0,0,0,0,0,0,0,0,0,0
4.102861642837524,0,0,0,0,0,0,0,0,0,0,0,0,0,0,0,0,,,
5.109182357788086,0,0,0,0,0,0,0,0,0,0,0,0,0,0,0,0,0,0,0
5.109182357788086,0,0,0,0,0,0,0,0,0,0,0,0,0,0,0,0,,,
6.113704681396484,0,0,0,0,0,0,0,0,0,0,0,0,0,0,0,0,0,0,0
6.113704681396484,0,0,0,0,0,0,0,0,0,0,0,0,0,0,0,0,,,
7.118063926696777,0,0,0,0,0,0,0,0,0,0,0,0,0,0,0,0,0,0,0
7.118063926696777,0,0,0,0,0,0,0,0,0,0,0,0,0,0,0,0,,,
8.123078346252441,0,0,0,0,0,0,0,0,0,0,0,0,0,0,0,0,0,0,0
8.123078346252441,0,0,0,0,0,0,0,0,0,0,0,0,0,0,0,0,,,
0.016585826873779297,0,0,0,0,0,0,0,0,0,0,0,0,0,0,0,0,0,0,0
0.016585826873779297,0,0,0,0,0,0,0,0,0,0,0,0,0,0,0,0,,,
1.0183563232421875,0,0,0,0,0,0,0,0,0,0,0,0,0,0,0,0,0,0,0
1.0183563232421875,0,0,0,0,0,0,0,0,0,0,0,0,0,0,0,0,,,
2.0191469192504883,0,0,0,0,0,0,0,0,0,0,0,0,0,0,0,0,0,0,0
2.0191469192504883,0,0,0,0,0,0,0,0,0,0,0,0,0,0,0,0,,,
3.019883871078491,0,0,0,0,0,0,0,0,0,0,0,0,0,0,0,0,0,0,0
3.019883871078491,0,0,0,0,0,0,0,0,0,0,0,0,0,0,0,0,,,
4.020816802978516,0,0,0,0,0,0,0,0,0,0,0,0,0,0,0,0,0,0,0
4.020816802978516,0,0,0,0,0,0,0,0,0,0,0,0,0,0,0,0,,,
5.023277997970581,0,0,0,0,0,0,0,0,0,0,0,0,0,0,0,0,0,0,0
5.023277997970581,0,0,0,0,0,0,0,0,0,0,0,0,0,0,0,0,,,
6.02427864074707,0,0,0,0,0,0,0,0,0,0,0,0,0,0,0,0,0,0,0
6.02427864074707,0,0,0,0,0,0,0,0,0,0,0,0,0,0,0,0,,,
7.025424003601074,0,0,0,0,0,0,0,0,0,0,0,0,0,0,0,0,0,0,0
7.025424003601074,0,0,0,0,0,0,0,0,0,0,0,0,0,0,0,0,,,
8.02804160118103,0,0,0,0,0,0,0,0,0,0,0,0,0,0,0,0,0,0,0
8.02804160118103,0,0,0,0,0,0,0,0,0,0,0,0,0,0,0,0,,,
9.031932592391968,0,0,0,0,0,0,0,0,0,0,0,0,0,0,0,0,0,0,0
9.031932592391968,0,0,0,0,0,0,0,0,0,0,0,0,0,0,0,0,,,
10.03311014175415,0,0,0,0,0,0,0,0,0,0,0,0,0,0,0,0,0,0,0
10.03311014175415,0,0,0,0,0,0,0,0,0,0,0,0,0,0,0,0,,,
11.034844160079956,0,0,0,0,0,0,0,0,0,0,0,0,0,0,0,0,0,0,0
11.034844160079956,0,0,0,0,0,0,0,0,0,0,0,0,0,0,0,0,,,
12.03584909439087,0,0,0,0,0,0,0,0,0,0,0,0,0,0,0,0,0,0,0
12.03584909439087,0,0,0,0,0,0,0,0,0,0,0,0,0,0,0,0,,,
13.038389921188354,0,0,0,0,0,0,0,0,0,0,0,0,0,0,0,0,0,0,0
13.038389921188354,0,0,0,0,0,0,0,0,0,0,0,0,0,0,0,0,,,
14.039802074432373,0,0,0,0,0,0,0,0,0,0,0,0,0,0,0,0,0,0,0
14.039802074432373,0,0,0,0,0,0,0,0,0,0,0,0,0,0,0,0,,,
15.042071342468262,0,0,0,0,0,0,0,0,0,0,0,0,0,0,0,0,0,0,0
15.042071342468262,0,0,0,0,0,0,0,0,0,0,0,0,0,0,0,0,,,
16.043153047561646,0,0,0,0,0,0,0,0,0,0,0,0,0,0,0,0,0,0,0
16.043153047561646,0,0,0,0,0,0,0,0,0,0,0,0,0,0,0,0,,,
17.044028282165527,0,0,0,0,0,0,0,0,0,0,0,0,0,0,0,0,0,0,0
17.044028282165527,0,0,0,0,0,0,0,0,0,0,0,0,0,0,0,0,,,
18.04580545425415,0,0,0,0,0,0,0,0,0,0,0,0,0,0,0,0,0,0,0
18.04580545425415,0,0,0,0,0,0,0,0,0,0,0,0,0,0,0,0,,,
19.046602487564087,0,0,0,0,0,0,0,0,0,0,0,0,0,0,0,0,0,0,0
19.046602487564087,0,0,0,0,0,0,0,0,0,0,0,0,0,0,0,0,,,
20.04736351966858,0,0,0,0,0,0,0,0,0,0,0,0,0,0,0,0,0,0,0
20.04736351966858,0,0,0,0,0,0,0,0,0,0,0,0,0,0,0,0,,,
0.03386044502258301,0,0,0,0,0,0,0,0,0,0,0,0,0,0,0,0,0,0,0
0.03386044502258301,0,0,0,0,0,0,0,0,0,0,0,0,0,0,0,0,,,
1.0388171672821045,0,0,0,0,0,0,0,0,0,0,0,0,0,0,0,0,0,0,0
1.0388171672821045,0,0,0,0,0,0,0,0,0,0,0,0,0,0,0,0,,,
2.0438644886016846,0,0,0,0,0,0,0,0,0,0,0,0,0,0,0,0,0,0,0
2.0438644886016846,0,0,0,0,0,0,0,0,0,0,0,0,0,0,0,0,,,
3.046215295791626,0,0,0,0,0,0,0,0,0,0,0,0,0,0,0,0,0,0,0
3.046215295791626,0,0,0,0,0,0,0,0,0,0,0,0,0,0,0,0,,,
4.050364255905151,0,0,0,0,0,0,0,0,0,0,0,0,0,0,0,0,0,0,0
4.050364255905151,0,0,0,0,0,0,0,0,0,0,0,0,0,0,0,0,,,
5.054276704788208,0,0,0,0,0,0,0,0,0,0,0,0,0,0,0,0,0,0,0
5.054276704788208,0,0,0,0,0,0,0,0,0,0,0,0,0,0,0,0,,,
6.059217929840088,0,0,0,0,0,0,0,0,0,0,0,0,0,0,0,0,0,0,0
6.059217929840088,0,0,0,0,0,0,0,0,0,0,0,0,0,0,0,0,,,
7.060751914978027,0,0,0,0,0,0,0,0,0,0,0,0,0,0,0,0,0,0,0
7.060751914978027,0,0,0,0,0,0,0,0,0,0,0,0,0,0,0,0,,,
8.066821098327637,0,0,0,0,0,0,0,0,0,0,0,0,0,0,0,0,0,0,0
8.066821098327637,0,0,0,0,0,0,0,0,0,0,0,0,0,0,0,0,,,
9.0692720413208,0,0,0,0,0,0,0,0,0,0,0,0,0,0,0,0,0,0,0
9.0692720413208,0,0,0,0,0,0,0,0,0,0,0,0,0,0,0,0,,,
10.07519006729126,0,0,0,0,0,0,0,0,0,0,0,0,0,0,0,0,0,0,0
10.07519006729126,0,0,0,0,0,0,0,0,0,0,0,0,0,0,0,0,,,
11.078803539276123,0,0,0,0,0,0,0,0,0,0,0,0,0,0,0,0,0,0,0
11.078803539276123,0,0,0,0,0,0,0,0,0,0,0,0,0,0,0,0,,,
12.08112645149231,0,0,0,0,0,0,0,0,0,0,0,0,0,0,0,0,0,0,0
12.08112645149231,0,0,0,0,0,0,0,0,0,0,0,0,0,0,0,0,,,
13.084956407546997,0,0,0,0,0,0,0,0,0,0,0,0,0,0,0,0,0,0,0
13.084956407546997,0,0,0,0,0,0,0,0,0,0,0,0,0,0,0,0,,,
14.085908651351929,0,0,0,0,0,0,0,0,0,0,0,0,0,0,0,0,0,0,0
14.085908651351929,0,0,0,0,0,0,0,0,0,0,0,0,0,0,0,0,,,
15.089094638824463,0,0,0,0,0,0,0,0,0,0,0,0,0,0,0,0,0,0,0
15.089094638824463,0,0,0,0,0,0,0,0,0,0,0,0,0,0,0,0,,,
16.090336084365845,0,0,0,0,0,0,0,0,0,0,0,0,0,0,0,0,0,0,0
16.090336084365845,0,0,0,0,0,0,0,0,0,0,0,0,0,0,0,0,,,
17.09567165374756,0,0,0,0,0,0,0,0,0,0,0,0,0,0,0,0,0,0,0
17.09567165374756,0,0,0,0,0,0,0,0,0,0,0,0,0,0,0,0,,,
18.09946036338806,0,0,0,0,0,0,0,0,0,0,0,0,0,0,0,0,0,0,0
18.09946036338806,0,0,0,0,0,0,0,0,0,0,0,0,0,0,0,0,,,
19.103709936141968,0,0,0,0,0,0,0,0,0,0,0,0,0,0,0,0,0,0,0
19.103709936141968,0,0,0,0,0,0,0,0,0,0,0,0,0,0,0,0,,,
20.106399297714233,0,0,0,0,0,0,0,0,0,0,0,0,0,0,0,0,0,0,0
20.106399297714233,0,0,0,0,0,0,0,0,0,0,0,0,0,0,0,0,,,
0.03794455528259277,0,0,0,0,0,0,0,0,0,0,0,0,0,0,0,0,0,0,0
0.03794455528259277,0,0,0,0,0,0,0,0,0,0,0,0,0,0,0,0,,,
1.040137529373169,0,0,0,0,0,0,0,0,0,0,0,0,0,0,0,0,0,0,0
1.040137529373169,0,0,0,0,0,0,0,0,0,0,0,0,0,0,0,0,,,
2.042081356048584,0,0,0,0,0,0,0,0,0,0,0,0,0,0,0,0,0,0,0
2.042081356048584,0,0,0,0,0,0,0,0,0,0,0,0,0,0,0,0,,,
3.0478479862213135,0,0,0,0,0,0,0,0,0,0,0,0,0,0,0,0,0,0,0
3.0478479862213135,0,0,0,0,0,0,0,0,0,0,0,0,0,0,0,0,,,
4.050978183746338,0,0,0,0,0,0,0,0,0,0,0,0,0,0,0,0,0,0,0
4.050978183746338,0,0,0,0,0,0,0,0,0,0,0,0,0,0,0,0,,,
5.0537474155426025,0,0,0,0,0,0,0,0,0,0,0,0,0,0,0,0,0,0,0
5.0537474155426025,0,0,0,0,0,0,0,0,0,0,0,0,0,0,0,0,,,
6.057581424713135,0,0,0,0,0,0,0,0,0,0,0,0,0,0,0,0,0,0,0
6.057581424713135,0,0,0,0,0,0,0,0,0,0,0,0,0,0,0,0,,,
7.061282396316528,0,0,0,0,0,0,0,0,0,0,0,0,0,0,0,0,0,0,0
7.061282396316528,0,0,0,0,0,0,0,0,0,0,0,0,0,0,0,0,,,
8.062811136245728,0,0,0,0,0,0,0,0,0,0,0,0,0,0,0,0,0,0,0
8.062811136245728,0,0,0,0,0,0,0,0,0,0,0,0,0,0,0,0,,,
9.065767526626587,0,0,0,0,0,0,0,0,0,0,0,0,0,0,0,0,0,0,0
9.065767526626587,0,0,0,0,0,0,0,0,0,0,0,0,0,0,0,0,,,
10.070863246917725,0,0,0,0,0,0,0,0,0,0,0,0,0,0,0,0,0,0,0
10.070863246917725,0,0,0,0,0,0,0,0,0,0,0,0,0,0,0,0,,,
11.072260618209839,0,0,0,0,0,0,0,0,0,0,0,0,0,0,0,0,0,0,0
11.072260618209839,0,0,0,0,0,0,0,0,0,0,0,0,0,0,0,0,,,
12.074151754379272,0,0,0,0,0,0,0,0,0,0,0,0,0,0,0,0,0,0,0
12.074151754379272,0,0,0,0,0,0,0,0,0,0,0,0,0,0,0,0,,,
13.076014041900635,0,0,0,0,0,0,0,0,0,0,0,0,0,0,0,0,0,0,0
13.076014041900635,0,0,0,0,0,0,0,0,0,0,0,0,0,0,0,0,,,
14.079807043075562,0,0,0,0,0,0,0,0,0,0,0,0,0,0,0,0,0,0,0
14.079807043075562,0,0,0,0,0,0,0,0,0,0,0,0,0,0,0,0,,,
15.081416606903076,0,0,0,0,0,0,0,0,0,0,0,0,0,0,0,0,0,0,0
15.081416606903076,0,0,0,0,0,0,0,0,0,0,0,0,0,0,0,0,,,
16.085115909576416,0,0,0,0,0,0,0,0,0,0,0,0,0,0,0,0,0,0,0
16.085115909576416,0,0,0,0,0,0,0,0,0,0,0,0,0,0,0,0,,,
17.08863639831543,0,0,0,0,0,0,0,0,0,0,0,0,0,0,0,0,0,0,0
17.08863639831543,0,0,0,0,0,0,0,0,0,0,0,0,0,0,0,0,,,
18.089528560638428,0,0,0,0,0,0,0,0,0,0,0,0,0,0,0,0,0,0,0
18.089528560638428,0,0,0,0,0,0,0,0,0,0,0,0,0,0,0,0,,,
19.09021258354187,0,0,0,0,0,0,0,0,0,0,0,0,0,0,0,0,0,0,0
19.09021258354187,0,0,0,0,0,0,0,0,0,0,0,0,0,0,0,0,,,
20.090741395950317,0,0,0,0,0,0,0,0,0,0,0,0,0,0,0,0,0,0,0
20.090741395950317,0,0,0,0,0,0,0,0,0,0,0,0,0,0,0,0,,,
21.092008352279663,0,0,0,0,0,0,0,0,0,0,0,0,0,0,0,0,0,0,0
21.092008352279663,0,0,0,0,0,0,0,0,0,0,0,0,0,0,0,0,,,
22.095733642578125,0,0,0,0,0,0,0,0,0,0,0,0,0,0,0,0,0,0,0
22.095733642578125,0,0,0,0,0,0,0,0,0,0,0,0,0,0,0,0,,,
23.100298643112183,0,0,0,0,0,0,0,0,0,0,0,0,0,0,0,0,0,0,0
23.100298643112183,0,0,0,0,0,0,0,0,0,0,0,0,0,0,0,0,,,
24.10293412208557,0,0,0,0,0,0,0,0,0,0,0,0,0,0,0,0,0,0,0
24.10293412208557,0,0,0,0,0,0,0,0,0,0,0,0,0,0,0,0,,,
25.104490756988525,0,0,0,0,0,0,0,0,0,0,0,0,0,0,0,0,0,0,0
25.104490756988525,0,0,0,0,0,0,0,0,0,0,0,0,0,0,0,0,,,
26.10816526412964,0,0,0,0,0,0,0,0,0,0,0,0,0,0,0,0,0,0,0
26.10816526412964,0,0,0,0,0,0,0,0,0,0,0,0,0,0,0,0,,,
27.112299919128418,0,0,0,0,0,0,0,0,0,0,0,0,0,0,0,0,0,0,0
27.112299919128418,0,0,0,0,0,0,0,0,0,0,0,0,0,0,0,0,,,
28.1149582862854,0,0,0,0,0,0,0,0,0,0,0,0,0,0,0,0,0,0,0
28.1149582862854,0,0,0,0,0,0,0,0,0,0,0,0,0,0,0,0,,,
29.116202116012573,0,0,0,0,0,0,0,0,0,0,0,0,0,0,0,0,0,0,0
29.116202116012573,0,0,0,0,0,0,0,0,0,0,0,0,0,0,0,0,,,
30.118217945098877,0,0,0,0,0,0,0,0,0,0,0,0,0,0,0,0,0,0,0
30.118217945098877,0,0,0,0,0,0,0,0,0,0,0,0,0,0,0,0,,,
31.121882438659668,0,0,0,0,0,0,0,0,0,0,0,0,0,0,0,0,0,0,0
31.121882438659668,0,0,0,0,0,0,0,0,0,0,0,0,0,0,0,0,,,
32.12343430519104,0,0,0,0,0,0,0,0,0,0,0,0,0,0,0,0,0,0,0
32.12343430519104,0,0,0,0,0,0,0,0,0,0,0,0,0,0,0,0,,,
33.12578558921814,0,0,0,0,0,0,0,0,0,0,0,0,0,0,0,0,0,0,0
33.12578558921814,0,0,0,0,0,0,0,0,0,0,0,0,0,0,0,0,,,
34.12860870361328,0,0,0,0,0,0,0,0,0,0,0,0,0,0,0,0,0,0,0
34.12860870361328,0,0,0,0,0,0,0,0,0,0,0,0,0,0,0,0,,,
35.13112950325012,0,0,0,0,0,0,0,0,0,0,0,0,0,0,0,0,0,0,0
35.13112950325012,0,0,0,0,0,0,0,0,0,0,0,0,0,0,0,0,,,
36.13478994369507,0,0,0,0,0,0,0,0,0,0,0,0,0,0,0,0,0,0,0
36.13478994369507,0,0,0,0,0,0,0,0,0,0,0,0,0,0,0,0,,,
37.13612413406372,0,0,0,0,0,0,0,0,0,0,0,0,0,0,0,0,0,0,0
37.13612413406372,0,0,0,0,0,0,0,0,0,0,0,0,0,0,0,0,,,
38.141894578933716,0,0,0,0,0,0,0,0,0,0,0,0,0,0,0,0,0,0,0
38.141894578933716,0,0,0,0,0,0,0,0,0,0,0,0,0,0,0,0,,,
39.145238637924194,0,0,0,0,0,0,0,0,0,0,0,0,0,0,0,0,0,0,0
39.145238637924194,0,0,0,0,0,0,0,0,0,0,0,0,0,0,0,0,,,
40.14849638938904,0,0,0,0,0,0,0,0,0,0,0,0,0,0,0,0,0,0,0
40.14849638938904,0,0,0,0,0,0,0,0,0,0,0,0,0,0,0,0,,,
41.15059304237366,0,0,0,0,0,0,0,0,0,0,0,0,0,0,0,0,0,0,0
41.15059304237366,0,0,0,0,0,0,0,0,0,0,0,0,0,0,0,0,,,
42.15139317512512,0,0,0,0,0,0,0,0,0,0,0,0,0,0,0,0,0,0,0
42.15139317512512,0,0,0,0,0,0,0,0,0,0,0,0,0,0,0,0,,,
43.1533887386322,0,0,0,0,0,0,0,0,0,0,0,0,0,0,0,0,0,0,0
43.1533887386322,0,0,0,0,0,0,0,0,0,0,0,0,0,0,0,0,,,
44.155343532562256,0,0,0,0,0,0,0,0,0,0,0,0,0,0,0,0,0,0,0
44.155343532562256,0,0,0,0,0,0,0,0,0,0,0,0,0,0,0,0,,,
45.15769290924072,0,0,0,0,0,0,0,0,0,0,0,0,0,0,0,0,0,0,0
45.15769290924072,0,0,0,0,0,0,0,0,0,0,0,0,0,0,0,0,,,
46.16046404838562,0,0,0,0,0,0,0,0,0,0,0,0,0,0,0,0,0,0,0
46.16046404838562,0,0,0,0,0,0,0,0,0,0,0,0,0,0,0,0,,,
47.16215372085571,0,0,0,0,0,0,0,0,0,0,0,0,0,0,0,0,0,0,0
47.16215372085571,0,0,0,0,0,0,0,0,0,0,0,0,0,0,0,0,,,
0.05514836311340332,0,0,0,0,0,0,0,0,0,0,0,0,0,0,0,0,0,0,0
0.05514836311340332,0,0,0,0,0,0,0,0,0,0,0,0,0,0,0,0,,,
1.058894157409668,0,0,0,0,0,0,0,0,0,0,0,0,0,0,0,0,0,0,0
1.058894157409668,0,0,0,0,0,0,0,0,0,0,0,0,0,0,0,0,,,
2.0629732608795166,0,0,0,0,0,0,0,0,0,0,0,0,0,0,0,0,0,0,0
2.0629732608795166,0,0,0,0,0,0,0,0,0,0,0,0,0,0,0,0,,,
3.064513921737671,0,0,0,0,0,0,0,0,0,0,0,0,0,0,0,0,0,0,0
3.064513921737671,0,0,0,0,0,0,0,0,0,0,0,0,0,0,0,0,,,
4.068935871124268,0,0,0,0,0,0,0,0,0,0,0,0,0,0,0,0,0,0,0
4.068935871124268,0,0,0,0,0,0,0,0,0,0,0,0,0,0,0,0,,,
5.073107957839966,0,0,0,0,0,0,0,0,0,0,0,0,0,0,0,0,0,0,0
5.073107957839966,0,0,0,0,0,0,0,0,0,0,0,0,0,0,0,0,,,
6.079452753067017,0,0,0,0,0,0,0,0,0,0,0,0,0,0,0,0,0,0,0
6.079452753067017,0,0,0,0,0,0,0,0,0,0,0,0,0,0,0,0,,,
7.082120656967163,0,0,0,0,0,0,0,0,0,0,0,0,0,0,0,0,0,0,0
7.082120656967163,0,0,0,0,0,0,0,0,0,0,0,0,0,0,0,0,,,
8.08701753616333,0,0,0,0,0,0,0,0,0,0,0,0,0,0,0,0,0,0,0
8.08701753616333,0,0,0,0,0,0,0,0,0,0,0,0,0,0,0,0,,,
9.08845329284668,0,0,0,0,0,0,0,0,0,0,0,0,0,0,0,0,0,0,0
9.08845329284668,0,0,0,0,0,0,0,0,0,0,0,0,0,0,0,0,,,
10.091233968734741,0,0,0,0,0,0,0,0,0,0,0,0,0,0,0,0,0,0,0
10.091233968734741,0,0,0,0,0,0,0,0,0,0,0,0,0,0,0,0,,,
11.09377646446228,0,0,0,0,0,0,0,0,0,0,0,0,0,0,0,0,0,0,0
11.09377646446228,0,0,0,0,0,0,0,0,0,0,0,0,0,0,0,0,,,
12.095956325531006,0,0,0,0,0,0,0,0,0,0,0,0,0,0,0,0,0,0,0
12.095956325531006,0,0,0,0,0,0,0,0,0,0,0,0,0,0,0,0,,,
0.039560794830322266,0,0,0,0,0,0,0,0,0,0,0,0,0,0,0,0,0,0,0
0.039560794830322266,0,0,0,0,0,0,0,0,0,0,0,0,0,0,0,0,,,
1.0415773391723633,0,0,0,0,0,0,0,0,0,0,0,0,0,0,0,0,0,0,0
1.0415773391723633,0,0,0,0,0,0,0,0,0,0,0,0,0,0,0,0,,,
2.0424091815948486,0,0,0,0,0,0,0,0,0,0,0,0,0,0,0,0,0,0,0
2.0424091815948486,0,0,0,0,0,0,0,0,0,0,0,0,0,0,0,0,,,
3.04352068901062,0,0,0,0,0,0,0,0,0,0,0,0,0,0,0,0,0,0,0
3.04352068901062,0,0,0,0,0,0,0,0,0,0,0,0,0,0,0,0,,,
4.044154167175293,0,0,0,0,0,0,0,0,0,0,0,0,0,0,0,0,0,0,0
4.044154167175293,0,0,0,0,0,0,0,0,0,0,0,0,0,0,0,0,,,
5.04469895362854,0,0,0,0,0,0,0,0,0,0,0,0,0,0,0,0,0,0,0
5.04469895362854,0,0,0,0,0,0,0,0,0,0,0,0,0,0,0,0,,,
6.045715808868408,0,0,0,0,0,0,0,0,0,0,0,0,0,0,0,0,0,0,0
6.045715808868408,0,0,0,0,0,0,0,0,0,0,0,0,0,0,0,0,,,
7.049244403839111,0,0,0,0,0,0,0,0,0,0,0,0,0,0,0,0,0,0,0
7.049244403839111,0,0,0,0,0,0,0,0,0,0,0,0,0,0,0,0,,,
8.04990530014038,0,0,0,0,0,0,0,0,0,0,0,0,0,0,0,0,0,0,0
8.04990530014038,0,0,0,0,0,0,0,0,0,0,0,0,0,0,0,0,,,
9.050435304641724,0,0,0,0,0,0,0,0,0,0,0,0,0,0,0,0,0,0,0
9.050435304641724,0,0,0,0,0,0,0,0,0,0,0,0,0,0,0,0,,,
10.052026748657227,0,0,0,0,0,0,0,0,0,0,0,0,0,0,0,0,0,0,0
10.052026748657227,0,0,0,0,0,0,0,0,0,0,0,0,0,0,0,0,,,
0.04404950141906738,0,0,0,2,0,0,0,0,0,0,0,0,0,0,0,0,0,0,0
0.04404950141906738,0,0,0,2,0,0,0,0,0,0,0,0,0,0,0,0,,,
1.0452795028686523,0,0,0,2,0,0,0,0,0,0,0,0,0,0,0,0,0,0,0
1.0452795028686523,0,0,0,0,0,0,0,0,0,0,0,0,0,0,0,0,,,
2.046832799911499,0,0,0,4,0,0,0,0,0,0,0,0,0,0,0,0,0,0,0
2.046832799911499,0,0,0,2,0,0,0,0,0,0,0,0,0,0,0,0,,,
3.0484917163848877,0,0,0,4,0,0,0,0,0,0,0,0,0,0,0,0,0,0,0
3.0484917163848877,0,0,0,0,0,0,0,0,0,0,0,0,0,0,0,0,,,
4.0512895584106445,0,0,0,4,0,0,0,0,0,0,0,0,0,0,0,0,0,0,0
4.0512895584106445,0,0,0,0,0,0,0,0,0,0,0,0,0,0,0,0,,,
5.054676055908203,0,0,0,4,0,0,0,0,0,0,0,0,0,0,0,0,0,0,0
5.054676055908203,0,0,0,0,0,0,0,0,0,0,0,0,0,0,0,0,,,
6.0560302734375,0,0,0,4,0,0,0,0,0,0,0,0,0,0,0,0,0,0,0
6.0560302734375,0,0,0,0,0,0,0,0,0,0,0,0,0,0,0,0,,,
7.057673454284668,0,0,0,2,0,0,0,0,0,0,0,0,0,0,0,0,0,0,0
7.057673454284668,0,0,0,-2,0,0,0,0,0,0,0,0,0,0,0,0,,,
8.058812379837036,0,0,0,2,0,0,0,0,0,0,0,0,0,0,0,0,0,0,0
8.058812379837036,0,0,0,0,0,0,0,0,0,0,0,0,0,0,0,0,,,
9.059765338897705,0,0,0,2,0,0,0,0,0,0,0,0,0,0,0,0,0,0,0
9.059765338897705,0,0,0,0,0,0,0,0,0,0,0,0,0,0,0,0,,,
10.06060004234314,0,0,0,4,0,0,0,0,0,0,0,0,0,0,0,0,0,0,0
10.06060004234314,0,0,0,2,0,0,0,0,0,0,0,0,0,0,0,0,,,
11.063273191452026,0,0,0,4,0,0,0,0,0,0,0,0,0,0,0,0,0,0,0
11.063273191452026,0,0,0,0,0,0,0,0,0,0,0,0,0,0,0,0,,,
12.065930843353271,0,0,0,4,0,0,0,0,0,0,0,0,0,0,0,0,0,0,0
12.065930843353271,0,0,0,0,0,0,0,0,0,0,0,0,0,0,0,0,,,
13.068841218948364,0,0,0,4,0,0,0,0,0,0,0,0,0,0,0,0,0,0,0
13.068841218948364,0,0,0,0,0,0,0,0,0,0,0,0,0,0,0,0,,,
14.071867227554321,0,0,0,4,0,0,0,0,0,0,0,0,0,0,0,0,0,0,0
14.071867227554321,0,0,0,0,0,0,0,0,0,0,0,0,0,0,0,0,,,
15.075559616088867,0,0,0,2,0,0,0,0,0,0,0,0,0,0,0,0,0,0,0
15.075559616088867,0,0,0,-2,0,0,0,0,0,0,0,0,0,0,0,0,,,
16.077627658843994,0,0,0,2,0,0,0,0,0,0,0,0,0,0,0,0,0,0,0
16.077627658843994,0,0,0,0,0,0,0,0,0,0,0,0,0,0,0,0,,,
17.07970142364502,0,0,0,2,0,0,0,0,0,0,0,0,0,0,0,0,0,0,0
17.07970142364502,0,0,0,0,0,0,0,0,0,0,0,0,0,0,0,0,,,
18.081448793411255,0,0,0,4,0,0,0,0,0,0,0,0,0,0,0,0,0,0,0
18.081448793411255,0,0,0,2,0,0,0,0,0,0,0,0,0,0,0,0,,,
19.083612203598022,0,0,0,4,0,0,0,0,0,0,0,0,0,0,0,0,0,0,0
19.083612203598022,0,0,0,0,0,0,0,0,0,0,0,0,0,0,0,0,,,
20.085909128189087,0,0,0,4,0,0,0,0,0,0,0,0,0,0,0,0,0,0,0
20.085909128189087,0,0,0,0,0,0,0,0,0,0,0,0,0,0,0,0,,,
21.08753514289856,0,0,0,4,0,0,0,0,0,0,0,0,0,0,0,0,0,0,0
21.08753514289856,0,0,0,0,0,0,0,0,0,0,0,0,0,0,0,0,,,
22.08930277824402,0,0,0,4,0,0,0,0,0,0,0,0,0,0,0,0,0,0,0
22.08930277824402,0,0,0,0,0,0,0,0,0,0,0,0,0,0,0,0,,,
23.090445280075073,0,0,0,2,0,0,0,0,0,0,0,0,0,0,0,0,0,0,0
23.090445280075073,0,0,0,-2,0,0,0,0,0,0,0,0,0,0,0,0,,,
24.091660737991333,0,0,0,2,0,0,0,0,0,0,0,0,0,0,0,0,0,0,0
24.091660737991333,0,0,0,0,0,0,0,0,0,0,0,0,0,0,0,0,,,
25.095354080200195,0,0,0,2,0,0,0,0,0,0,0,0,0,0,0,0,0,0,0
25.095354080200195,0,0,0,0,0,0,0,0,0,0,0,0,0,0,0,0,,,
26.097522258758545,0,0,0,4,0,0,0,0,0,0,0,0,0,0,0,0,0,0,0
26.097522258758545,0,0,0,2,0,0,0,0,0,0,0,0,0,0,0,0,,,
27.098448276519775,0,0,0,4,0,0,0,0,0,0,0,0,0,0,0,0,0,0,0
27.098448276519775,0,0,0,0,0,0,0,0,0,0,0,0,0,0,0,0,,,
28.100685358047485,0,0,0,4,0,0,0,0,0,0,0,0,0,0,0,0,0,0,0
28.100685358047485,0,0,0,0,0,0,0,0,0,0,0,0,0,0,0,0,,,
29.10396146774292,0,0,0,4,0,0,0,0,0,0,0,0,0,0,0,0,0,0,0
29.10396146774292,0,0,0,0,0,0,0,0,0,0,0,0,0,0,0,0,,,
30.10547375679016,0,0,0,4,0,0,0,0,0,0,0,0,0,0,0,0,0,0,0
30.10547375679016,0,0,0,0,0,0,0,0,0,0,0,0,0,0,0,0,,,
31.106420516967773,0,0,0,2,0,0,0,0,0,0,0,0,0,0,0,0,0,0,0
31.106420516967773,0,0,0,-2,0,0,0,0,0,0,0,0,0,0,0,0,,,
32.107874393463135,0,0,0,2,0,0,0,0,0,0,0,0,0,0,0,0,0,0,0
32.107874393463135,0,0,0,0,0,0,0,0,0,0,0,0,0,0,0,0,,,
33.109763383865356,0,0,0,2,0,0,0,0,0,0,0,0,0,0,0,0,0,0,0
33.109763383865356,0,0,0,0,0,0,0,0,0,0,0,0,0,0,0,0,,,
34.11102819442749,0,0,0,4,0,0,0,0,0,0,0,0,0,0,0,0,0,0,0
34.11102819442749,0,0,0,2,0,0,0,0,0,0,0,0,0,0,0,0,,,
35.11298632621765,0,0,0,4,0,0,0,0,0,0,0,0,0,0,0,0,0,0,0
35.11298632621765,0,0,0,0,0,0,0,0,0,0,0,0,0,0,0,0,,,
36.115663290023804,0,0,0,4,0,0,0,0,0,0,0,0,0,0,0,0,0,0,0
36.115663290023804,0,0,0,0,0,0,0,0,0,0,0,0,0,0,0,0,,,
37.11931347846985,0,0,0,4,0,0,0,0,0,0,0,0,0,0,0,0,0,0,0
37.11931347846985,0,0,0,0,0,0,0,0,0,0,0,0,0,0,0,0,,,
38.123533964157104,0,0,0,4,0,0,0,0,0,0,0,0,0,0,0,0,0,0,0
38.123533964157104,0,0,0,0,0,0,0,0,0,0,0,0,0,0,0,0,,,
39.12440061569214,0,0,0,2,0,0,0,0,0,0,0,0,0,0,0,0,0,0,0
39.12440061569214,0,0,0,-2,0,0,0,0,0,0,0,0,0,0,0,0,,,
40.125417947769165,0,0,0,2,0,0,0,0,0,0,0,0,0,0,0,0,0,0,0
40.125417947769165,0,0,0,0,0,0,0,0,0,0,0,0,0,0,0,0,,,
41.127511978149414,0,0,0,2,0,0,0,0,0,0,0,0,0,0,0,0,0,0,0
41.127511978149414,0,0,0,0,0,0,0,0,0,0,0,0,0,0,0,0,,,
0.039499521255493164,0,0,0,4,0,0,0,0,0,0,0,0,0,0,0,0,0,0,0
0.039499521255493164,0,0,0,4,0,0,0,0,0,0,0,0,0,0,0,0,,,
1.0437135696411133,0,0,0,4,0,0,0,0,0,0,0,0,0,0,0,0,0,0,0
1.0437135696411133,0,0,0,0,0,0,0,0,0,0,0,0,0,0,0,0,,,
2.045787811279297,0,0,0,4,0,0,0,0,0,0,0,0,0,0,0,0,0,0,0
2.045787811279297,0,0,0,0,0,0,0,0,0,0,0,0,0,0,0,0,,,
3.047753095626831,0,0,0,4,0,0,0,0,0,0,0,0,0,0,0,0,0,0,0
3.047753095626831,0,0,0,0,0,0,0,0,0,0,0,0,0,0,0,0,,,
4.049443483352661,0,0,0,4,0,0,0,0,0,0,0,0,0,0,0,0,0,0,0
4.049443483352661,0,0,0,0,0,0,0,0,0,0,0,0,0,0,0,0,,,
5.052009344100952,0,0,0,2,0,0,0,0,0,0,0,0,0,0,0,0,0,0,0
5.052009344100952,0,0,0,-2,0,0,0,0,0,0,0,0,0,0,0,0,,,
6.053457975387573,0,0,0,2,0,0,0,0,0,0,0,0,0,0,0,0,0,0,0
6.053457975387573,0,0,0,0,0,0,0,0,0,0,0,0,0,0,0,0,,,
7.054851770401001,0,0,0,2,0,0,0,0,0,0,0,0,0,0,0,0,0,0,0
7.054851770401001,0,0,0,0,0,0,0,0,0,0,0,0,0,0,0,0,,,
8.0562424659729,0,0,0,4,0,0,0,0,0,0,0,0,0,0,0,0,0,0,0
8.0562424659729,0,0,0,2,0,0,0,0,0,0,0,0,0,0,0,0,,,
9.05931305885315,0,0,0,4,0,0,0,0,0,0,0,0,0,0,0,0,0,0,0
9.05931305885315,0,0,0,0,0,0,0,0,0,0,0,0,0,0,0,0,,,
10.063265085220337,0,0,0,4,0,0,0,0,0,0,0,0,0,0,0,0,0,0,0
10.063265085220337,0,0,0,0,0,0,0,0,0,0,0,0,0,0,0,0,,,
11.064409494400024,0,0,0,4,0,0,0,0,0,0,0,0,0,0,0,0,0,0,0
11.064409494400024,0,0,0,0,0,0,0,0,0,0,0,0,0,0,0,0,,,
12.064884901046753,0,0,0,4,0,0,0,0,0,0,0,0,0,0,0,0,0,0,0
12.064884901046753,0,0,0,0,0,0,0,0,0,0,0,0,0,0,0,0,,,
13.065367221832275,0,0,0,2,0,0,0,0,0,0,0,0,0,0,0,0,0,0,0
13.065367221832275,0,0,0,-2,0,0,0,0,0,0,0,0,0,0,0,0,,,
14.066010236740112,0,0,0,2,0,0,0,0,0,0,0,0,0,0,0,0,0,0,0
14.066010236740112,0,0,0,0,0,0,0,0,0,0,0,0,0,0,0,0,,,
15.067107439041138,0,0,0,2,0,0,0,0,0,0,0,0,0,0,0,0,0,0,0
15.067107439041138,0,0,0,0,0,0,0,0,0,0,0,0,0,0,0,0,,,
16.070537567138672,0,0,0,4,0,0,0,0,0,0,0,0,0,0,0,0,0,0,0
16.070537567138672,0,0,0,2,0,0,0,0,0,0,0,0,0,0,0,0,,,
17.072564601898193,0,0,0,4,0,0,0,0,0,0,0,0,0,0,0,0,0,0,0
17.072564601898193,0,0,0,0,0,0,0,0,0,0,0,0,0,0,0,0,,,
18.07367777824402,0,0,0,4,0,0,0,0,0,0,0,0,0,0,0,0,0,0,0
18.07367777824402,0,0,0,0,0,0,0,0,0,0,0,0,0,0,0,0,,,
19.075595378875732,0,0,0,4,0,0,0,0,0,0,0,0,0,0,0,0,0,0,0
19.075595378875732,0,0,0,0,0,0,0,0,0,0,0,0,0,0,0,0,,,
20.07723093032837,0,0,0,4,0,0,0,0,0,0,0,0,0,0,0,0,0,0,0
20.07723093032837,0,0,0,0,0,0,0,0,0,0,0,0,0,0,0,0,,,
21.078402042388916,0,0,0,2,0,0,0,0,0,0,0,0,0,0,0,0,0,0,0
21.078402042388916,0,0,0,-2,0,0,0,0,0,0,0,0,0,0,0,0,,,
22.0805926322937,0,0,0,2,0,0,0,0,0,0,0,0,0,0,0,0,0,0,0
22.0805926322937,0,0,0,0,0,0,0,0,0,0,0,0,0,0,0,0,,,
23.082056999206543,0,0,0,2,0,0,0,0,0,0,0,0,0,0,0,0,0,0,0
23.082056999206543,0,0,0,0,0,0,0,0,0,0,0,0,0,0,0,0,,,
24.083856344223022,0,0,0,4,0,0,0,0,0,0,0,0,0,0,0,0,0,0,0
24.083856344223022,0,0,0,2,0,0,0,0,0,0,0,0,0,0,0,0,,,
25.085455656051636,0,0,0,4,0,0,0,0,0,0,0,0,0,0,0,0,0,0,0
25.085455656051636,0,0,0,0,0,0,0,0,0,0,0,0,0,0,0,0,,,
0.008006095886230469,0,0,0,2,0,0,0,0,0,0,0,0,0,0,0,0,0,0,0
0.008006095886230469,0,0,0,2,0,0,0,0,0,0,0,0,0,0,0,0,,,
1.0117859840393066,0,0,0,4,0,0,0,0,0,0,0,0,0,0,0,0,0,0,0
1.0117859840393066,0,0,0,2,0,0,0,0,0,0,0,0,0,0,0,0,,,
2.012770175933838,0,0,0,4,0,0,0,0,0,0,0,0,0,0,0,0,0,0,0
2.012770175933838,0,0,0,0,0,0,0,0,0,0,0,0,0,0,0,0,,,
3.016819715499878,0,0,0,4,0,0,0,0,0,0,0,0,0,0,0,0,0,0,0
3.016819715499878,0,0,0,0,0,0,0,0,0,0,0,0,0,0,0,0,,,
4.022281885147095,0,0,0,4,0,0,0,0,0,0,0,0,0,0,0,0,0,0,0
4.022281885147095,0,0,0,0,0,0,0,0,0,0,0,0,0,0,0,0,,,
5.023264169692993,0,0,0,4,0,0,0,0,0,0,0,0,0,0,0,0,0,0,0
5.023264169692993,0,0,0,0,0,0,0,0,0,0,0,0,0,0,0,0,,,
6.025958776473999,0,0,0,2,0,0,0,0,0,0,0,0,0,0,0,0,0,0,0
6.025958776473999,0,0,0,-2,0,0,0,0,0,0,0,0,0,0,0,0,,,
7.028388500213623,0,0,0,2,0,0,0,0,0,0,0,0,0,0,0,0,0,0,0
7.028388500213623,0,0,0,0,0,0,0,0,0,0,0,0,0,0,0,0,,,
8.03077483177185,0,0,0,2,0,0,0,0,0,0,0,0,0,0,0,0,0,0,0
8.03077483177185,0,0,0,0,0,0,0,0,0,0,0,0,0,0,0,0,,,
9.032025575637817,0,0,0,4,0,0,0,0,0,0,0,0,0,0,0,0,0,0,0
9.032025575637817,0,0,0,2,0,0,0,0,0,0,0,0,0,0,0,0,,,
10.03410291671753,0,0,0,4,0,0,0,0,0,0,0,0,0,0,0,0,0,0,0
10.03410291671753,0,0,0,0,0,0,0,0,0,0,0,0,0,0,0,0,,,
11.035762071609497,0,0,0,4,0,0,0,0,0,0,0,0,0,0,0,0,0,0,0
11.035762071609497,0,0,0,0,0,0,0,0,0,0,0,0,0,0,0,0,,,
0.08751797676086426,0,0,0,4,0,0,0,0,0,0,0,0,0,0,0,0,0,0,0
0.08751797676086426,0,0,0,4,0,0,0,0,0,0,0,0,0,0,0,0,,,
1.0887970924377441,0,0,0,4,0,0,0,0,0,0,0,0,0,0,0,0,0,0,0
1.0887970924377441,0,0,0,0,0,0,0,0,0,0,0,0,0,0,0,0,,,
2.0920116901397705,0,0,0,4,0,0,0,0,0,0,0,0,0,0,0,0,0,0,0
2.0920116901397705,0,0,0,0,0,0,0,0,0,0,0,0,0,0,0,0,,,
3.0935208797454834,0,0,0,2,0,0,0,0,0,0,0,0,0,0,0,0,0,0,0
3.0935208797454834,0,0,0,-2,0,0,0,0,0,0,0,0,0,0,0,0,,,
4.09459376335144,0,0,0,2,0,0,0,0,0,0,0,0,0,0,0,0,0,0,0
4.09459376335144,0,0,0,0,0,0,0,0,0,0,0,0,0,0,0,0,,,
5.098544597625732,0,0,0,2,0,0,0,0,0,0,0,0,0,0,0,0,0,0,0
5.098544597625732,0,0,0,0,0,0,0,0,0,0,0,0,0,0,0,0,,,
6.099789381027222,0,0,0,4,0,0,0,0,0,0,0,0,0,0,0,0,0,0,0
6.099789381027222,0,0,0,2,0,0,0,0,0,0,0,0,0,0,0,0,,,
7.101531267166138,0,0,0,4,0,0,0,0,0,0,0,0,0,0,0,0,0,0,0
7.101531267166138,0,0,0,0,0,0,0,0,0,0,0,0,0,0,0,0,,,
8.103344202041626,0,0,0,4,0,0,0,0,0,0,0,0,0,0,0,0,0,0,0
8.103344202041626,0,0,0,0,0,0,0,0,0,0,0,0,0,0,0,0,,,
9.10412311553955,0,0,0,4,0,0,0,0,0,0,0,0,0,0,0,0,0,0,0
9.10412311553955,0,0,0,0,0,0,0,0,0,0,0,0,0,0,0,0,,,
10.104880809783936,0,0,0,4,0,0,0,0,0,0,0,0,0,0,0,0,0,0,0
10.104880809783936,0,0,0,0,0,0,0,0,0,0,0,0,0,0,0,0,,,
0.08405923843383789,0,0,0,2,0,0,0,0,0,0,0,0,0,0,0,0,0,0,0
0.08405923843383789,0,0,0,2,0,0,0,0,0,0,0,0,0,0,0,0,,,
1.0851240158081055,0,0,0,2,0,0,0,0,0,0,0,0,0,0,0,0,0,0,0
1.0851240158081055,0,0,0,0,0,0,0,0,0,0,0,0,0,0,0,0,,,
2.0884857177734375,0,0,0,4,0,0,0,0,0,0,0,0,0,0,0,0,0,0,0
2.0884857177734375,0,0,0,2,0,0,0,0,0,0,0,0,0,0,0,0,,,
3.090101480484009,0,0,0,4,0,0,0,0,0,0,0,0,0,0,0,0,0,0,0
3.090101480484009,0,0,0,0,0,0,0,0,0,0,0,0,0,0,0,0,,,
4.091846227645874,0,0,0,4,0,0,0,0,0,0,0,0,0,0,0,0,0,0,0
4.091846227645874,0,0,0,0,0,0,0,0,0,0,0,0,0,0,0,0,,,
5.093796014785767,0,0,0,4,0,0,0,0,0,0,0,0,0,0,0,0,0,0,0
5.093796014785767,0,0,0,0,0,0,0,0,0,0,0,0,0,0,0,0,,,
6.094979763031006,0,0,0,4,0,0,0,0,0,0,0,0,0,0,0,0,0,0,0
6.094979763031006,0,0,0,0,0,0,0,0,0,0,0,0,0,0,0,0,,,
7.097190618515015,0,0,0,2,0,0,0,0,0,0,0,0,0,0,0,0,0,0,0
7.097190618515015,0,0,0,-2,0,0,0,0,0,0,0,0,0,0,0,0,,,
8.098698854446411,0,0,0,2,0,0,0,0,0,0,0,0,0,0,0,0,0,0,0
8.098698854446411,0,0,0,0,0,0,0,0,0,0,0,0,0,0,0,0,,,
9.099498271942139,0,0,0,2,0,0,0,0,0,0,0,0,0,0,0,0,0,0,0
9.099498271942139,0,0,0,0,0,0,0,0,0,0,0,0,0,0,0,0,,,
10.100889444351196,0,0,0,4,0,0,0,0,0,0,0,0,0,0,0,0,0,0,0
10.100889444351196,0,0,0,2,0,0,0,0,0,0,0,0,0,0,0,0,,,
11.1028151512146,0,0,0,4,0,0,0,0,0,0,0,0,0,0,0,0,0,0,0
11.1028151512146,0,0,0,0,0,0,0,0,0,0,0,0,0,0,0,0,,,
12.105139255523682,0,0,0,4,0,0,0,0,0,0,0,0,0,0,0,0,0,0,0
12.105139255523682,0,0,0,0,0,0,0,0,0,0,0,0,0,0,0,0,,,
13.108031272888184,0,0,0,4,0,0,0,0,0,0,0,0,0,0,0,0,0,0,0
13.108031272888184,0,0,0,0,0,0,0,0,0,0,0,0,0,0,0,0,,,
14.111944437026978,0,0,0,4,0,0,0,0,0,0,0,0,0,0,0,0,0,0,0
14.111944437026978,0,0,0,0,0,0,0,0,0,0,0,0,0,0,0,0,,,
15.115318775177002,0,0,0,2,0,0,0,0,0,0,0,0,0,0,0,0,0,0,0
15.115318775177002,0,0,0,-2,0,0,0,0,0,0,0,0,0,0,0,0,,,
16.116377592086792,0,0,0,2,0,0,0,0,0,0,0,0,0,0,0,0,0,0,0
16.116377592086792,0,0,0,0,0,0,0,0,0,0,0,0,0,0,0,0,,,
17.11777400970459,0,0,0,2,0,0,0,0,0,0,0,0,0,0,0,0,0,0,0
17.11777400970459,0,0,0,0,0,0,0,0,0,0,0,0,0,0,0,0,,,
18.118970155715942,0,0,0,4,0,0,0,0,0,0,0,0,0,0,0,0,0,0,0
18.118970155715942,0,0,0,2,0,0,0,0,0,0,0,0,0,0,0,0,,,
19.12149477005005,0,0,0,4,0,0,0,0,0,0,0,0,0,0,0,0,0,0,0
19.12149477005005,0,0,0,0,0,0,0,0,0,0,0,0,0,0,0,0,,,
20.122236251831055,0,0,0,4,0,0,0,0,0,0,0,0,0,0,0,0,0,0,0
20.122236251831055,0,0,0,0,0,0,0,0,0,0,0,0,0,0,0,0,,,
21.122944116592407,0,0,0,4,0,0,0,0,0,0,0,0,0,0,0,0,0,0,0
21.122944116592407,0,0,0,0,0,0,0,0,0,0,0,0,0,0,0,0,,,
22.126395225524902,0,0,0,4,0,0,0,0,0,0,0,0,0,0,0,0,0,0,0
22.126395225524902,0,0,0,0,0,0,0,0,0,0,0,0,0,0,0,0,,,
23.130686044692993,0,0,0,2,0,0,0,0,0,0,0,0,0,0,0,0,0,0,0
23.130686044692993,0,0,0,-2,0,0,0,0,0,0,0,0,0,0,0,0,,,
24.13219690322876,0,0,0,2,0,0,0,0,0,0,0,0,0,0,0,0,0,0,0
24.13219690322876,0,0,0,0,0,0,0,0,0,0,0,0,0,0,0,0,,,
25.133935689926147,0,0,0,2,0,0,0,0,0,0,0,0,0,0,0,0,0,0,0
25.133935689926147,0,0,0,0,0,0,0,0,0,0,0,0,0,0,0,0,,,
26.135209798812866,0,0,0,4,0,0,0,0,0,0,0,0,0,0,0,0,0,0,0
26.135209798812866,0,0,0,2,0,0,0,0,0,0,0,0,0,0,0,0,,,
27.138462781906128,0,0,0,4,0,0,0,0,0,0,0,0,0,0,0,0,0,0,0
27.138462781906128,0,0,0,0,0,0,0,0,0,0,0,0,0,0,0,0,,,
28.139708518981934,0,0,0,4,0,0,0,0,0,0,0,0,0,0,0,0,0,0,0
28.139708518981934,0,0,0,0,0,0,0,0,0,0,0,0,0,0,0,0,,,
29.140604972839355,0,0,0,4,0,0,0,0,0,0,0,0,0,0,0,0,0,0,0
29.140604972839355,0,0,0,0,0,0,0,0,0,0,0,0,0,0,0,0,,,
30.141794443130493,0,0,0,4,0,0,0,0,0,0,0,0,0,0,0,0,0,0,0
30.141794443130493,0,0,0,0,0,0,0,0,0,0,0,0,0,0,0,0,,,
31.14409899711609,0,0,0,2,0,0,0,0,0,0,0,0,0,0,0,0,0,0,0
31.14409899711609,0,0,0,-2,0,0,0,0,0,0,0,0,0,0,0,0,,,
32.14665961265564,0,0,0,2,0,0,0,0,0,0,0,0,0,0,0,0,0,0,0
32.14665961265564,0,0,0,0,0,0,0,0,0,0,0,0,0,0,0,0,,,
33.1473925113678,0,0,0,2,0,0,0,0,0,0,0,0,0,0,0,0,0,0,0
33.1473925113678,0,0,0,0,0,0,0,0,0,0,0,0,0,0,0,0,,,
34.14819574356079,0,0,0,4,0,0,0,0,0,0,0,0,0,0,0,0,0,0,0
34.14819574356079,0,0,0,2,0,0,0,0,0,0,0,0,0,0,0,0,,,
35.1491858959198,0,0,0,4,0,0,0,0,0,0,0,0,0,0,0,0,0,0,0
35.1491858959198,0,0,0,0,0,0,0,0,0,0,0,0,0,0,0,0,,,
36.151283740997314,0,0,0,4,0,0,0,0,0,0,0,0,0,0,0,0,0,0,0
36.151283740997314,0,0,0,0,0,0,0,0,0,0,0,0,0,0,0,0,,,
37.15346097946167,0,0,0,4,0,0,0,0,0,0,0,0,0,0,0,0,0,0,0
37.15346097946167,0,0,0,0,0,0,0,0,0,0,0,0,0,0,0,0,,,
38.15638208389282,0,0,0,4,0,0,0,0,0,0,0,0,0,0,0,0,0,0,0
38.15638208389282,0,0,0,0,0,0,0,0,0,0,0,0,0,0,0,0,,,
39.158915758132935,0,0,0,2,0,0,0,0,0,0,0,0,0,0,0,0,0,0,0
39.158915758132935,0,0,0,-2,0,0,0,0,0,0,0,0,0,0,0,0,,,
40.163288593292236,0,0,0,2,0,0,0,0,0,0,0,0,0,0,0,0,0,0,0
40.163288593292236,0,0,0,0,0,0,0,0,0,0,0,0,0,0,0,0,,,
41.164095878601074,0,0,0,2,0,0,0,0,0,0,0,0,0,0,0,0,0,0,0
41.164095878601074,0,0,0,0,0,0,0,0,0,0,0,0,0,0,0,0,,,
42.164976596832275,0,0,0,4,0,0,0,0,0,0,0,0,0,0,0,0,0,0,0
42.164976596832275,0,0,0,2,0,0,0,0,0,0,0,0,0,0,0,0,,,
43.16592597961426,0,0,0,4,0,0,0,0,0,0,0,0,0,0,0,0,0,0,0
43.16592597961426,0,0,0,0,0,0,0,0,0,0,0,0,0,0,0,0,,,
44.167224407196045,0,0,0,4,0,0,0,0,0,0,0,0,0,0,0,0,0,0,0
44.167224407196045,0,0,0,0,0,0,0,0,0,0,0,0,0,0,0,0,,,
45.16908621788025,0,0,0,4,0,0,0,0,0,0,0,0,0,0,0,0,0,0,0
45.16908621788025,0,0,0,0,0,0,0,0,0,0,0,0,0,0,0,0,,,
46.1695921421051,0,0,0,4,0,0,0,0,0,0,0,0,0,0,0,0,0,0,0
46.1695921421051,0,0,0,0,0,0,0,0,0,0,0,0,0,0,0,0,,,
0.009669780731201172,0,0,0,2,0,0,0,0,0,0,0,0,0,0,0,0,0,0,0
0.009669780731201172,0,0,0,2,0,0,0,0,0,0,0,0,0,0,0,0,,,
1.0107486248016357,0,0,0,2,0,0,0,0,0,0,0,0,0,0,0,0,0,0,0
1.0107486248016357,0,0,0,0,0,0,0,0,0,0,0,0,0,0,0,0,,,
2.011922597885132,0,0,0,2,0,0,0,0,0,0,0,0,0,0,0,0,0,0,0
2.011922597885132,0,0,0,0,0,0,0,0,0,0,0,0,0,0,0,0,,,
3.0135717391967773,0,0,0,4,0,0,0,0,0,0,0,0,0,0,0,0,0,0,0
3.0135717391967773,0,0,0,2,0,0,0,0,0,0,0,0,0,0,0,0,,,
4.0143866539001465,0,0,0,4,0,0,0,0,0,0,0,0,0,0,0,0,0,0,0
4.0143866539001465,0,0,0,0,0,0,0,0,0,0,0,0,0,0,0,0,,,
5.019331693649292,0,0,0,4,0,0,0,0,0,0,0,0,0,0,0,0,0,0,0
5.019331693649292,0,0,0,0,0,0,0,0,0,0,0,0,0,0,0,0,,,
6.022242784500122,0,0,0,4,0,0,0,0,0,0,0,0,0,0,0,0,0,0,0
6.022242784500122,0,0,0,0,0,0,0,0,0,0,0,0,0,0,0,0,,,
7.023822546005249,0,0,0,4,0,0,0,0,0,0,0,0,0,0,0,0,0,0,0
7.023822546005249,0,0,0,0,0,0,0,0,0,0,0,0,0,0,0,0,,,
8.025033473968506,0,0,0,2,0,0,0,0,0,0,0,0,0,0,0,0,0,0,0
8.025033473968506,0,0,0,-2,0,0,0,0,0,0,0,0,0,0,0,0,,,
0.07468485832214355,0,0,0,2,0,0,0,0,0,0,0,0,0,0,0,0,0,0,0
0.07468485832214355,0,0,0,2,0,0,0,0,0,0,0,0,0,0,0,0,,,
1.0758233070373535,0,0,0,2,0,0,0,0,0,0,0,0,0,0,0,0,0,0,0
1.0758233070373535,0,0,0,0,0,0,0,0,0,0,0,0,0,0,0,0,,,
2.0769665241241455,0,0,0,4,0,0,0,0,0,0,0,0,0,0,0,0,0,0,0
2.0769665241241455,0,0,0,2,0,0,0,0,0,0,0,0,0,0,0,0,,,
3.0785515308380127,0,0,0,4,0,0,0,0,0,0,0,0,0,0,0,0,0,0,0
3.0785515308380127,0,0,0,0,0,0,0,0,0,0,0,0,0,0,0,0,,,
4.080026865005493,0,0,0,4,0,0,0,0,0,0,0,0,0,0,0,0,0,0,0
4.080026865005493,0,0,0,0,0,0,0,0,0,0,0,0,0,0,0,0,,,
5.080740690231323,0,0,0,4,0,0,0,0,0,0,0,0,0,0,0,0,0,0,0
5.080740690231323,0,0,0,0,0,0,0,0,0,0,0,0,0,0,0,0,,,
6.082399606704712,0,0,0,4,0,0,0,0,0,0,0,0,0,0,0,0,0,0,0
6.082399606704712,0,0,0,0,0,0,0,0,0,0,0,0,0,0,0,0,,,
7.0849621295928955,0,0,0,2,0,0,0,0,0,0,0,0,0,0,0,0,0,0,0
7.0849621295928955,0,0,0,-2,0,0,0,0,0,0,0,0,0,0,0,0,,,
8.087619543075562,0,0,0,2,0,0,0,0,0,0,0,0,0,0,0,0,0,0,0
8.087619543075562,0,0,0,0,0,0,0,0,0,0,0,0,0,0,0,0,,,
9.089142084121704,0,0,0,2,0,0,0,0,0,0,0,0,0,0,0,0,0,0,0
9.089142084121704,0,0,0,0,0,0,0,0,0,0,0,0,0,0,0,0,,,
10.09002137184143,0,0,0,4,0,0,0,0,0,0,0,0,0,0,0,0,0,0,0
10.09002137184143,0,0,0,2,0,0,0,0,0,0,0,0,0,0,0,0,,,
11.091726303100586,0,0,0,4,0,0,0,0,0,0,0,0,0,0,0,0,0,0,0
11.091726303100586,0,0,0,0,0,0,0,0,0,0,0,0,0,0,0,0,,,
12.092406272888184,0,0,0,4,0,0,0,0,0,0,0,0,0,0,0,0,0,0,0
12.092406272888184,0,0,0,0,0,0,0,0,0,0,0,0,0,0,0,0,,,
13.094184875488281,0,0,0,4,0,0,0,0,0,0,0,0,0,0,0,0,0,0,0
13.094184875488281,0,0,0,0,0,0,0,0,0,0,0,0,0,0,0,0,,,
14.096372842788696,0,0,0,4,0,0,0,0,0,0,0,0,0,0,0,0,0,0,0
14.096372842788696,0,0,0,0,0,0,0,0,0,0,0,0,0,0,0,0,,,
